20
137 49
48 17 461 137
1000000000 100000
1 1 1 1000000000
220 88
1 8 3 58265
249718282 93729
1 5 6 999917908
232959116 56689
4 9 1 999903057
45068754 29153
2 9 5 999904402
1000000000 100000
1 1 0 2
198 81
8 5 7 83495
97 39
34 37 656 97
1000000000 100000
99999 1 99999 100000
164 96
76 2 193 164
1000000000 100000
999999999 1 999999999 1000000000
28 21
6 5 1 85919
840698758 13331
8 7 10 999955808
66 39
35 2 589 66
254 99
1 8 9 74990
131 74
1 9 10 78736
177 73
7 7 5 56401
98 59
6 30 524 98
1000000000 1
12 7 74 12
